player 0;
0.860246;0.5;0.0310842;1;1;2;4;1;15244506;1863598;-1;-1;265;264;263;262;32;
player 1;
12;0.5;0;1;1;2;4;1;1863599;1863599;-1;-1;87;83;65;68;69;
player 2;
1.42366;0.5;10.0236;1;1;2;4;0;12152687;20247861;1;10;0;0;1;0;0;
player 3;
11.8903;0.5;8.03212;1;0;4;4;1;1863600;1863601;12;8;0;0;0;1;0;
map;
-1;-1;b;0;-1;b;1;-1;b;2;-1;b;3;-1;b;4;-1;b;5;-1;b;6;-1;b;7;-1;b;8;-1;b;9;-1;b;10;-1;b;11;-1;b;12;-1;b;13;-1;b;14;-1;b;15;-1;b;-1;0;b;0;0; ;1;0; ;2;0; ;3;0; ;4;0;&;5;0;&;6;0;&;7;0;&;8;0;&;9;0;&;10;0;&;11;0; ;12;0; ;13;0;b;14;0;b;15;0;b;-1;1;b;0;1; ;1;1;*;2;1; ;3;1;*;4;1;&;5;1;*;6;1; ;7;1;*;8;1;&;9;1;*;10;1; ;11;1;*;12;1; ;13;1;b;14;1;b;15;1;b;-1;2;b;0;2; ;1;2; ;2;2; ;3;2;&;4;2;&;5;2;&;6;2;&;7;2; ;8;2;&;9;2;&;10;2;&;11;2;&;12;2;&;13;2;b;14;2;b;15;2;b;-1;3;b;0;3; ;1;3;*;2;3;&;3;3;*;4;3;&;5;3;*;6;3;&;7;3;*;8;3; ;9;3;*;10;3;&;11;3;*;12;3;&;13;3;b;14;3;b;15;3;b;-1;4;b;0;4; ;1;4;&;2;4;&;3;4;&;4;4;&;5;4;&;6;4;&;7;4; ;8;4;&;9;4;&;10;4;&;11;4;&;12;4; ;13;4;b;14;4;b;15;4;b;-1;5;b;0;5;&;1;5;*;2;5; ;3;5;*;4;5; ;5;5;*;6;5;&;7;5;*;8;5;&;9;5;*;10;5;&;11;5;*;12;5; ;13;5;b;14;5;b;15;5;b;-1;6;b;0;6; ;1;6;&;2;6; ;3;6;&;4;6;&;5;6;&;6;6; ;7;6;&;8;6; ;9;6;&;10;6;&;11;6; ;12;6; ;13;6;b;14;6;b;15;6;b;-1;7;b;0;7; ;1;7;*;2;7;&;3;7;*;4;7; ;5;7;*;6;7;&;7;7;*;8;7; ;9;7;*;10;7;&;11;7;*;12;7; ;13;7;b;14;7;b;15;7;b;-1;8;b;0;8;!;1;8;!;2;8;!;3;8;&;4;8; ;5;8; ;6;8;&;7;8; ;8;8; ;9;8;&;10;8;o;11;8;X;12;8;X;13;8;b;14;8;b;15;8;b;-1;9;b;0;9; ;1;9;*;2;9;o;3;9;*;4;9;&;5;9;*;6;9;&;7;9;*;8;9; ;9;9;*;10;9;X;11;9;*;12;9; ;13;9;b;14;9;b;15;9;b;-1;10;b;0;10; ;1;10; ;2;10;X;3;10; ;4;10; ;5;10;&;6;10;&;7;10;&;8;10; ;9;10; ;10;10;X;11;10; ;12;10; ;13;10;b;14;10;b;15;10;b;-1;11;b;0;11;b;1;11;b;2;11;b;3;11;b;4;11;b;5;11;b;6;11;b;7;11;b;8;11;b;9;11;b;10;11;b;11;11;b;12;11;b;13;11;b;14;11;b;15;11;b;-1;12;b;0;12;b;1;12;b;2;12;b;3;12;b;4;12;b;5;12;b;6;12;b;7;12;b;8;12;b;9;12;b;10;12;b;11;12;b;12;12;b;13;12;b;14;12;b;15;12;b;-1;13;b;0;13;b;1;13;b;2;13;b;3;13;b;4;13;b;5;13;b;6;13;b;7;13;b;8;13;b;9;13;b;10;13;b;11;13;b;12;13;b;13;13;b;14;13;b;15;13;b;
bonus;
-10;0.62;-10;r;-0.01;24636;
3;0.62;10;1;-0.01;24636;
2;0.62;1;3;-0.01;24636;
0;0.62;6;1;-0.01;24636;
10;0.62;9;2;-0.01;24636;
1;0.62;2;2;-0.01;24636;
11;0.62;6;3;-0.01;24636;
bomb;
0.860246;0.0310842;1;1;1;1;-10;0.7;-10;2;c;581;
1.42366;10.0236;2;1;2;1;1;0.7;8;2;b;581;
11.8903;8.03212;1;1;1;1;10;0.7;8;4;a;581;
1.42366;10.0236;1;1;1;1;2;0.7;9;2;a;581;
other;
581
2
2
2
